Example with 3,5,7

a:     9  [ 3, 0 ], [ 5, 1 ]
b:    12  [ 3, 0 ], [ 7, 2 ]
c:    19  [ 5, 1 ], [ 7, 2 ]
d:    54  [ 3, 0 ], [ 5, 1 ], [ 7, 2 ]
d.a:  54  [15, 6 (=15- 9)], [ 7, 2 ]
d.b:  54  [21, 9 (=21-12)], [ 5, 1 ]
d.c:  54  [35,16 (=35-19)], [ 3, 0 ]

3  3  3  3  3  3  3  3  3  3  3  3  3  3  3  3  3  3  3
    5    5    5    5    5    5    5    5    5    5    5
     7      7      7      7      7      7      7      7
        15             15             15             15
           21                   21                   21
                  35                                 35
         ^  ^      ^                                  ^
         a  b      c                                  d
000000000011111111112222222222333333333344444444445555555555
012345678901234567890123456789012345678901234567890123456789


